      0/99     3.85G    0.1293    0.3208    0.2038     0.654      1637       704         0         0         0         0    0.1143     0.464    0.1997
      1/99     3.87G    0.1283    0.3391    0.2037    0.6711      1831       704         0         0         0         0    0.1137     0.469    0.1994
      2/99     3.87G    0.1262    0.3734    0.2033    0.7029      1462       704         0         0         0         0    0.1128    0.4765    0.1987
      3/99     3.87G    0.1254    0.3596    0.2023    0.6874      1634       704         0         0         0         0    0.1118    0.4838     0.198
      4/99     3.87G    0.1248    0.4222    0.2015    0.7485      2196       704         0         0         0         0    0.1108    0.4885    0.1969
      5/99     3.87G    0.1239    0.4129    0.2004    0.7372      2095       704         0         0         0         0      0.11    0.4904    0.1959
     6/299     3.61G    0.1238    0.3485    0.1995    0.6717      1637       704         0         0         0         0    0.1097    0.4905    0.1953
     7/299     3.61G    0.1238    0.3632    0.1991    0.6861      1831       704         0         0         0         0    0.1093    0.4902    0.1947
     8/299     3.61G    0.1213    0.3934    0.1979    0.7125      1462       704         0         0         0         0    0.1088    0.4872    0.1933
     9/299     3.61G    0.1202    0.3779    0.1964    0.6944      1634       704         0         0         0         0    0.1083    0.4828     0.192
    10/299     3.61G    0.1199    0.4383    0.1943    0.7525      2196       704         0         0         0         0    0.1078    0.4776    0.1906
    11/299     3.61G    0.1199    0.4136    0.1926    0.7261      2095       704         0         0         0         0    0.1073    0.4714    0.1891
    12/299     3.61G    0.1198    0.4102    0.1904    0.7204      2919       704         0         0         0         0    0.1069    0.4644    0.1876
    13/299     3.62G    0.1199    0.3716    0.1885      0.68      1937       704         0         0         0         0    0.1065    0.4574     0.186
    14/299     3.62G    0.1182    0.3637     0.187    0.6689      2001       704         0         0         0         0    0.1062    0.4498    0.1844
    15/299     3.89G    0.1183    0.3339    0.1856    0.6378      1637       704         0         0         0         0    0.1061    0.4462    0.1836
    16/299     3.89G     0.117    0.3499     0.185    0.6519      1831       704         0         0         0         0     0.106    0.4422    0.1828
    17/299     3.89G    0.1159    0.3653    0.1835    0.6648      1462       704         0         0         0         0    0.1058    0.4345    0.1812
    18/299     3.89G    0.1153    0.3477    0.1816    0.6446      1634       704         0         0         0         0    0.1057    0.4269    0.1795
    19/299     3.89G    0.1166    0.3928    0.1788    0.6881      2196       704         0         0         0         0    0.1057    0.4195    0.1779
    20/299     3.89G    0.1165    0.3744    0.1764    0.6672      2095       704         0         0         0         0    0.1056    0.4121    0.1761
    21/299     3.89G    0.1172    0.3669    0.1737    0.6578      2919       704         0         0         0         0    0.1056    0.4049    0.1745
    22/299     3.89G    0.1171    0.3344     0.171    0.6225      1937       704         0         0         0         0    0.1056    0.3979    0.1727
    23/299     3.89G    0.1161     0.324    0.1698    0.6099      2001       704         0         0         0         0    0.1056    0.3914     0.171
    24/299     3.89G    0.1163    0.3856    0.1675    0.6693      2936       704         0         0         0         0    0.1056    0.3848    0.1692
    25/299     3.89G    0.1161    0.3014    0.1657    0.5832      1561       704         0         0         0         0    0.1055    0.3791    0.1675
    26/299     3.89G    0.1151    0.3185    0.1634    0.5969      1812       704         0         0         0         0    0.1055    0.3736    0.1658
    27/299     3.89G    0.1157    0.3425    0.1617    0.6198      2875       704         0         0         0         0    0.1055    0.3681    0.1641
    28/299     3.89G     0.115    0.3277    0.1594    0.6021      1865       704         0         0         0         0    0.1054    0.3629    0.1623
    29/299     3.89G    0.1151    0.2579    0.1564    0.5295      1501       704         0         0         0         0    0.1054    0.3583    0.1606
    30/299     3.89G    0.1164    0.3356    0.1525    0.6044      2426       704         0         0         0         0    0.1054    0.3535    0.1588
    31/299     3.89G    0.1158    0.3042    0.1497    0.5697      1739       704         0         0         0         0    0.1055     0.349    0.1571
    32/299     3.89G    0.1145    0.3212    0.1498    0.5855      1920       704         0         0         0         0    0.1056    0.3448    0.1553
    33/299     3.89G    0.1152   0.02933   0.03648     0.181      1637       704         0         0         0         0         0         0         0
    34/299     3.89G    0.1157   0.03206   0.03563    0.1834      1972       704         0         0         0         0         0         0         0
    35/299     3.89G    0.1151   0.02923    0.0362    0.1805      1831       704         0         0         0         0         0         0         0
    36/299     3.89G    0.1157   0.03873    0.0346    0.1891      2770       704         0         0         0         0         0         0         0
    37/299     3.89G    0.1128   0.03226   0.03519    0.1803      1462       704         0         0         0         0         0         0         0
    38/299     3.89G    0.1152   0.03742   0.03452    0.1871      2699       704         0         0         0         0         0         0         0
    39/299     3.89G    0.1136    0.0296    0.0346    0.1778      1634       704         0         0         0         0         0         0         0
    40/299     3.89G     0.116   0.03422   0.03397    0.1841      2257       704         0         0         0         0         0         0         0
    41/299     3.89G    0.1145    0.0339   0.03378    0.1822      2196       704         0         0         0         0         0         0         0
    42/299     3.89G    0.1135   0.03394   0.03387    0.1813      2068       704         0         0         0         0         0         0         0
    43/299     3.89G    0.1145    0.0326   0.03308    0.1802      2095       704         0         0         0         0         0         0         0
    44/299     3.89G    0.1155   0.02775   0.03291    0.1762      1912       704         0         0         0         0         0         0         0
    45/299     3.89G    0.1149   0.03247   0.03221    0.1795      2919       704         0         0         0         0         0         0         0
    46/299     3.89G    0.1149    0.0323   0.03271    0.1799      2103       704         0         0         0         0         0         0         0
    47/299     3.89G    0.1153   0.02946   0.03144    0.1762      1937       704         0         0         0         0         0         0         0
    48/299     3.89G    0.1139   0.03254    0.0321    0.1786      2039       704         0         0         0         0         0         0         0
    49/299     3.89G    0.1143   0.02944   0.03194    0.1757      2001       704         0         0         0         0         0         0         0
    50/299     3.89G    0.1149    0.0292   0.03136    0.1755      1737       704         0         0         0         0         0         0         0
    51/299     3.89G    0.1147    0.0352   0.03162    0.1815      2936       704         0         0         0         0         0         0         0
    52/299     3.89G    0.1134    0.0317   0.03183     0.177      1602       704         0         0         0         0         0         0         0
    53/299     3.89G    0.1136    0.0283   0.03186    0.1737      1561       704         0         0         0         0         0         0         0
    54/299     3.89G    0.1135   0.02593   0.03105    0.1705      1789       704         0         0         0         0         0         0         0
    55/299     3.89G    0.1133   0.02972   0.03083    0.1738      1812       704         0         0         0         0         0         0         0
    56/299     3.89G    0.1137   0.02711   0.03175    0.1726      1921       704         0         0         0         0         0         0         0
    57/299     3.89G    0.1136    0.0325   0.03118    0.1773      2875       704         0         0         0         0         0         0         0
    58/299     3.89G    0.1136   0.03232   0.03031    0.1762      1709       704         0         0         0         0         0         0         0
    59/299     3.89G    0.1131    0.0315   0.03068    0.1753      1865       704         0         0         0         0         0         0         0
    60/299     3.89G     0.111   0.02985   0.03094    0.1717      1127       704         0         0         0         0         0         0         0
    61/299     3.89G     0.112   0.02572   0.03075    0.1685      1501       704         0         0         0         0         0         0         0
    62/299     3.89G    0.1133   0.02764   0.02986    0.1708      2282       704         0         0         0         0         0         0         0
    63/299     3.89G    0.1136   0.03367   0.02931    0.1766      2426       704         0         0         0         0         0         0         0
    64/299     3.89G    0.1121   0.02583   0.03043    0.1684      1501       704         0         0         0         0         0         0         0
    65/299     3.89G    0.1129   0.03112   0.02903    0.1731      1739       704         0         0         0         0         0         0         0
    66/299     3.89G     0.112   0.03286   0.02962    0.1745      1839       704         0         0         0         0         0         0         0
    67/299     3.89G    0.1116   0.03334   0.02968    0.1747      1920       704         0         0         0         0         0         0         0
    68/299     3.89G    0.1123   0.03028   0.02944     0.172      2168       704         0         0         0         0         0         0         0
    69/299     3.89G    0.1123   0.03383   0.02841    0.1745      2691       704         0         0         0         0         0         0         0
    70/299     3.89G    0.1127   0.03028   0.02891    0.1719      2187       704         0         0         0         0         0         0         0
    71/299     3.89G    0.1124   0.03088   0.02854    0.1718      2330       704         0         0         0         0         0         0         0
    72/299     3.89G    0.1109   0.02945   0.02911    0.1694      1320       704         0         0         0         0         0         0         0
    73/299     3.89G     0.112   0.03041   0.02833    0.1707      1952       704         0         0         0         0         0         0         0
    74/299     3.89G    0.1118   0.03164   0.02831    0.1717      2225       704         0         0         0         0         0         0         0
    75/299     3.89G    0.1108   0.03531   0.02841    0.1745      1757       704         0         0         0         0         0         0         0
    76/299     3.89G    0.1124   0.02908   0.02719    0.1687      1700       704         0         0         0         0         0         0         0
    77/299     3.89G    0.1098   0.03046    0.0283    0.1685      1339       704         0         0         0         0         0         0         0
    78/299     3.89G    0.1113   0.03075   0.02805    0.1701      1956       704         0         0         0         0         0         0         0
    79/299     3.89G    0.1087   0.02862   0.02887    0.1662      1358       704         0         0         0         0         0         0         0
    80/299     3.89G    0.1116   0.02677   0.02721    0.1655      1862       704         0         0         0         0         0         0         0
    81/299     3.89G    0.1117   0.02994   0.02714    0.1688      2241       704         0         0         0         0         0         0         0
    82/299     3.89G    0.1109     0.031   0.02779    0.1697      2433       704         0         0         0         0         0         0         0
    83/299     3.89G    0.1108   0.02916   0.02715    0.1672      1518       704         0         0         0         0         0         0         0
    84/299     3.89G    0.1112   0.03198   0.02655    0.1697      2106       704         0         0         0         0         0         0         0
    85/299     3.89G    0.1109   0.03031   0.02729    0.1684      1843       704         0         0         0         0         0         0         0
    86/299     3.89G     0.111   0.03018   0.02679    0.1679      2381       704         0         0         0         0         0         0         0
    87/299     3.89G    0.1091   0.03383   0.02738    0.1703      1905       704         0         0         0         0         0         0         0
    88/299     3.89G      0.11   0.03169   0.02744    0.1692      2422       704         0         0         0         0         0         0         0
    89/299     3.89G    0.1108     0.032   0.02656    0.1694      2222       704         0         0         0         0         0         0         0
    90/299     3.89G    0.1094   0.03024   0.02613    0.1658      2036       704         0         0         0         0         0         0         0
    91/299     3.89G    0.1112   0.03036   0.02619    0.1678      1875       704         0         0         0         0         0         0         0
    92/299     3.89G    0.1095    0.0336    0.0266    0.1696      1578       704         0         0         0         0         0         0         0
    93/299     3.89G    0.1096   0.02532   0.02638    0.1613      1559       704         0         0         0         0         0         0         0
    94/299     3.89G    0.1092   0.02835   0.02625    0.1638      1666       704         0         0         0         0         0         0         0
    95/299     3.89G    0.1095   0.03075   0.02674     0.167      1658       704         0         0         0         0         0         0         0
    96/299     3.89G    0.1104   0.03204   0.02599    0.1684      1768       704         0         0         0         0         0         0         0
    97/299     3.89G    0.1093   0.02704   0.02704    0.1634      1347       704         0         0         0         0         0         0         0
    98/299     3.89G    0.1106   0.03239   0.02547    0.1685      2559       704         0         0         0         0         0         0         0
    99/299     3.89G    0.1092   0.02895   0.02574    0.1639      1908       704         0         0         0         0         0         0         0
   100/299     3.89G    0.1107   0.02868   0.02488    0.1642      2537       704         0         0         0         0         0         0         0
   101/299     3.89G    0.1106   0.02609   0.02464    0.1613      2342       704         0         0         0         0         0         0         0
   102/299     3.89G    0.1082   0.03474   0.02539    0.1684      1961       704         0         0         0         0         0         0         0
   103/299     3.89G    0.1089   0.02663   0.02507    0.1606      1161       704         0         0         0         0         0         0         0
   104/299     3.89G    0.1107   0.03294   0.02432    0.1679      2507       704         0         0         0         0         0         0         0
   105/299     3.89G     0.111   0.02936   0.02358     0.164      2186       704         0         0         0         0         0         0         0
   106/299     3.89G      0.11    0.0298   0.02387    0.1636      2171       704         0         0         0         0         0         0         0
   107/299     3.89G    0.1082   0.02867   0.02497    0.1618      1578       704         0         0         0         0         0         0         0
   108/299     3.89G    0.1074    0.0312   0.02447     0.163      1524       704         0         0         0         0         0         0         0
   109/299     3.89G    0.1083   0.03609   0.02445    0.1688      1853       704         0         0         0         0         0         0         0
   110/299     3.89G    0.1092   0.03067   0.02371    0.1636      1723       704         0         0         0         0         0         0         0
   111/299     3.89G    0.1091   0.03073   0.02423     0.164      2424       704         0         0         0         0         0         0         0
   112/299     3.89G     0.108    0.0261   0.02349    0.1576      1163       704         0         0         0         0         0         0         0
   113/299     3.89G    0.1085   0.03611   0.02375    0.1683      1907       704         0         0         0         0         0         0         0
   114/299     3.89G    0.1092   0.02885   0.02316    0.1612      1970       704         0         0         0         0         0         0         0
   115/299     3.89G    0.1087   0.03569   0.02395    0.1684      2149       704         0         0         0         0         0         0         0
   116/299     3.89G    0.1078    0.0295   0.02385    0.1611      1696       704         0         0         0         0         0         0         0
   117/299     3.89G    0.1096   0.02882   0.02288    0.1613      2151       704         0         0         0         0         0         0         0
   118/299     3.89G     0.108    0.0313   0.02286    0.1622      1632       704         0         0         0         0         0         0         0
   119/299     3.89G    0.1087   0.02991   0.02307    0.1616      2161       704         0         0         0         0         0         0         0
   120/299     3.89G    0.1069   0.03538    0.0236    0.1659      1578       704         0         0         0         0         0         0         0
   121/299     3.89G    0.1072   0.03174   0.02337    0.1623      2170       704         0         0         0         0         0         0         0
   122/299     3.89G     0.108   0.03685   0.02208    0.1669      2021       704         0         0         0         0         0         0         0
   123/299     3.89G     0.107   0.03596   0.02239    0.1653      2076       704         0         0         0         0         0         0         0
   124/299     3.89G    0.1061   0.03703   0.02313    0.1663      2272       704         0         0         0         0         0         0         0
   125/299     3.89G    0.1065   0.03723   0.02241    0.1662      2124       704         0         0         0         0         0         0         0
   126/299     3.89G    0.1067   0.03107   0.02178    0.1596      1511       704         0         0         0         0         0         0         0
   127/299     3.89G    0.1065   0.03341   0.02124    0.1611      2739       704         0         0         0         0         0         0         0
   128/299     3.89G    0.1068   0.03215   0.02194    0.1609      1979       704         0         0         0         0         0         0         0
   129/299     3.89G    0.1053    0.0295   0.02197    0.1568      1469       704         0         0         0         0         0         0         0
   130/299     3.89G    0.1063    0.0361   0.02183    0.1642      2110       704         0         0         0         0         0         0         0
   131/299     3.89G    0.1072   0.03016     0.021    0.1583      1993       704         0         0         0         0         0         0         0
   132/299     3.89G    0.1057   0.03047   0.02077    0.1569      1590       704         0         0         0         0         0         0         0
   133/299     3.89G     0.106   0.03207   0.02153    0.1596      1875       704         0         0         0         0         0         0         0
   134/299     3.89G    0.1037   0.03194   0.02065    0.1563      1777       704         0         0         0         0         0         0         0
   135/299     3.89G    0.1054   0.03368   0.02095      0.16      2102       704         0         0         0         0         0         0         0
   136/299     3.89G    0.1045   0.03256   0.02098     0.158      1528       704         0         0         0         0         0         0         0
   137/299     3.89G    0.1058   0.03166   0.01981    0.1573      1949       704         0         0         0         0         0         0         0
   138/299     3.89G    0.1039   0.03092    0.0214    0.1562      1473       704         0         0         0         0         0         0         0
   139/299     3.89G     0.105   0.03289   0.02012     0.158      2300       704         0         0         0         0         0         0         0
   140/299     3.89G    0.1058   0.03353   0.02011    0.1594      2311       704         0         0         0         0         0         0         0
   141/299     3.89G    0.1035   0.03372   0.01998    0.1572      1831       704         0         0         0         0         0         0         0
   142/299     3.89G     0.104   0.02936   0.01895    0.1523      1420       704         0         0         0         0         0         0         0
   143/299     3.89G    0.1046   0.03464   0.01945    0.1587      1542       704         0         0         0         0         0         0         0
   144/299     3.89G    0.1038   0.03456   0.01923    0.1576      2469       704         0         0         0         0         0         0         0
   145/299     3.89G    0.1045   0.02832   0.01914     0.152      2031       704         0         0         0         0         0         0         0
   146/299     3.89G    0.1032   0.03107   0.01883    0.1531      1395       704         0         0         0         0         0         0         0
   147/299     3.89G    0.1032   0.03846   0.01989    0.1615      2235       704         0         0         0         0         0         0         0
   148/299     3.89G    0.1044   0.03543   0.01837    0.1582      1894       704         0         0         0         0         0         0         0
   149/299     3.89G    0.1047   0.03042   0.01867    0.1538      2171       704         0         0         0         0         0         0         0
   150/299     3.89G    0.1026   0.02519    0.0181    0.1459      1109       704         0         0         0         0         0         0         0
   151/299     3.89G     0.103   0.03534   0.01807    0.1564      1746       704         0         0         0         0         0         0         0
   152/299     3.89G    0.1036      0.03   0.01726    0.1509      1427       704         0         0         0         0         0         0         0
   153/299     3.89G    0.1028   0.03542   0.01859    0.1568      1890       704         0         0         0         0         0         0         0
   154/299     3.89G    0.1029   0.03048   0.01744    0.1508      1853       704         0         0         0         0         0         0         0
   155/299     3.89G    0.1023    0.0297   0.01753    0.1495      1808       704         0         0         0         0         0         0         0
   156/299     3.89G    0.1024   0.02606   0.01768    0.1462      1417       704         0         0         0         0         0         0         0
   157/299     3.89G    0.1022   0.03882   0.01797     0.159      2343       704         0         0         0         0         0         0         0
   158/299     3.89G    0.1035   0.03058   0.01774    0.1518      1589       704         0         0         0         0         0         0         0
   159/299     3.89G    0.1027   0.03475   0.01728    0.1548      2100       704         0         0         0         0         0         0         0
   160/299     3.89G     0.102   0.02964   0.01622    0.1478      2009       704         0         0         0         0         0         0         0
   161/299     3.89G    0.1036    0.0375   0.01673    0.1579      2241       704         0         0         0         0         0         0         0
   162/299     3.89G     0.102   0.03341    0.0166    0.1521      1236       704         0         0         0         0         0         0         0
   163/299     3.89G     0.103   0.03566   0.01677    0.1554      2989       704         0         0         0         0         0         0         0
   164/299     3.89G     0.103    0.0305   0.01646      0.15      1888       704         0         0         0         0         0         0         0
   165/299     3.89G    0.1027   0.03106   0.01664    0.1504      2076       704         0         0         0         0         0         0         0
   166/299     3.89G    0.1027   0.03422   0.01576    0.1527      2162       704         0         0         0         0         0         0         0
   167/299     3.89G    0.1021   0.03776   0.01626    0.1561      2264       704         0         0         0         0         0         0         0
   168/299     3.89G    0.1005   0.03549   0.01642    0.1524      1839       704         0         0         0         0         0         0         0
   169/299     3.89G    0.1008   0.03093   0.01561    0.1473      2210       704         0         0         0         0         0         0         0
   170/299     3.89G    0.1017   0.03383   0.01619    0.1517      1450       704         0         0         0         0         0         0         0
   171/299     3.89G    0.1006   0.03872   0.01634    0.1557      1531       704         0         0         0         0         0         0         0
   172/299     3.89G    0.1003   0.02872   0.01549    0.1445      1169       704         0         0         0         0         0         0         0
   173/299     3.89G    0.1009    0.0319    0.0157    0.1485      1832       704         0         0         0         0         0         0         0
   174/299     3.89G    0.1008   0.03075   0.01554    0.1471      2043       704         0         0         0         0         0         0         0
   175/299     3.89G    0.1007   0.03486   0.01549     0.151      1949       704         0         0         0         0         0         0         0
   176/299     3.89G   0.09975   0.03285    0.0153    0.1479      1394       704         0         0         0         0         0         0         0
   177/299     3.89G    0.1007   0.03751   0.01456    0.1528      2538       704         0         0         0         0         0         0         0
   178/299     3.89G     0.101   0.03746   0.01565    0.1541      3023       704         0         0         0         0         0         0         0
   179/299     3.89G    0.1001   0.02932   0.01537    0.1448      1605       704         0         0         0         0         0         0         0
   180/299     3.89G    0.1001   0.03834   0.01548    0.1539      2425       704         0         0         0         0         0         0         0
   181/299     3.89G   0.09865    0.0317    0.0149    0.1452      1329       704         0         0         0         0         0         0         0
   182/299     3.89G    0.1008   0.03326   0.01495     0.149      2170       704         0         0         0         0         0         0         0
   183/299     3.89G    0.1007   0.03578   0.01393    0.1504      2325       704         0         0         0         0         0         0         0
   184/299     3.89G   0.09869   0.03144   0.01522    0.1453      1614       704         0         0         0         0         0         0         0
   185/299     3.89G   0.09937   0.03579   0.01506    0.1502      2537       704         0         0         0         0         0         0         0
   186/299     3.89G   0.09804   0.03381   0.01442    0.1463      1588       704         0         0         0         0         0         0         0
   187/299     3.89G    0.1002   0.03591   0.01482     0.151      2324       704         0         0         0         0         0         0         0
   188/299     3.89G   0.09845   0.03144   0.01382    0.1437      1707       704         0         0         0         0         0         0         0
   189/299     3.89G   0.09945   0.03848   0.01468    0.1526      2685       704         0         0         0         0         0         0         0
   190/299     3.89G   0.09955   0.03122   0.01403    0.1448      2080       704         0         0         0         0         0         0         0
   191/299     3.89G   0.09868   0.03886   0.01423    0.1518      2253       704         0         0         0         0         0         0         0
   192/299     3.89G   0.09884   0.03653   0.01339    0.1488      3357       704         0         0         0         0         0         0         0
   193/299     3.89G   0.09754    0.0331    0.0137    0.1443      1867       704         0         0         0         0         0         0         0
   194/299     3.89G   0.09834   0.03643   0.01446    0.1492      2461       704         0         0         0         0         0         0         0
   195/299     3.89G   0.09856   0.02971   0.01308    0.1414      1609       704         0         0         0         0         0         0         0
   196/299     3.89G   0.09816   0.02918   0.01512    0.1425      1394       704         0         0         0         0         0         0         0
   197/299     3.89G   0.09667   0.03384   0.01421    0.1447      1500       704         0         0         0         0         0         0         0
   198/299     3.89G   0.09797   0.02993   0.01296    0.1409      1662       704         0         0         0         0         0         0         0
   199/299     3.89G   0.09646   0.03237   0.01369    0.1425      1201       704         0         0         0         0         0         0         0
   200/299     3.89G   0.09587   0.03321   0.01227    0.1413      1205       704         0         0         0         0         0         0         0
   201/299     3.89G   0.09933   0.02921   0.01269    0.1412      1489       704         0         0         0         0         0         0         0
   202/299     3.89G   0.09832   0.03028   0.01309    0.1417      1701       704         0         0         0         0         0         0         0
   203/299     3.89G   0.09928   0.02887   0.01192    0.1401      1813       704         0         0         0         0         0         0         0
   204/299     3.89G   0.09815   0.03274   0.01299    0.1439      1825       704         0         0         0         0         0         0         0
   205/299     3.89G   0.09798   0.03329   0.01299    0.1443      2258       704         0         0         0         0         0         0         0
   206/299     3.89G   0.09865   0.03591   0.01304    0.1476      2131       704         0         0         0         0         0         0         0
   207/299     3.89G   0.09718   0.03423   0.01218    0.1436      2599       704         0         0         0         0         0         0         0
   208/299     3.89G   0.09735   0.03592    0.0129    0.1462      1872       704         0         0         0         0         0         0         0
   209/299     3.89G    0.0995   0.03398   0.01227    0.1458      2558       704         0         0         0         0         0         0         0
   210/299     3.89G   0.09642   0.03323    0.0113     0.141      2124       704         0         0         0         0         0         0         0
   211/299     3.89G   0.09826    0.0304   0.01172    0.1404      1771       704         0         0         0         0         0         0         0
   212/299     3.89G   0.09773   0.03134   0.01149    0.1406      1758       704         0         0         0         0         0         0         0
   213/299     3.89G   0.09552   0.03643   0.01235    0.1443      2159       704         0         0         0         0         0         0         0
   214/299     3.89G   0.09668    0.0349   0.01161    0.1432      1969       704         0         0         0         0         0         0         0
   215/299     3.89G   0.09534   0.03473    0.0112    0.1413      1971       704         0         0         0         0         0         0         0
   216/299     3.89G   0.09639   0.03302   0.01171    0.1411      2398       704         0         0         0         0         0         0         0
   217/299     3.89G   0.09521   0.03283   0.01189    0.1399      1532       704         0         0         0         0         0         0         0
   218/299     3.89G   0.09619   0.03034   0.01168    0.1382      1447       704         0         0         0         0         0         0         0
   219/299     3.89G   0.09581   0.03205   0.01176    0.1396      1647       704         0         0         0         0         0         0         0
   220/299     3.89G   0.09686   0.03545   0.01196    0.1443      2813       704         0         0         0         0         0         0         0
   221/299     3.89G   0.09583   0.03236   0.01103    0.1392      1406       704         0         0         0         0         0         0         0
   222/299     3.89G   0.09511   0.03372   0.01152    0.1403      1699       704         0         0         0         0         0         0         0
   223/299     3.89G   0.09475   0.03062   0.01188    0.1372      1398       704         0         0         0         0         0         0         0
   224/299     3.89G   0.09594   0.02888   0.01152    0.1363      1538       704         0         0         0         0         0         0         0
   225/299     3.89G   0.09711   0.03708    0.0113    0.1455      2776       704         0         0         0         0         0         0         0
   226/299     3.89G   0.09503   0.02793   0.01185    0.1348      1921       704         0         0         0         0         0         0         0
   227/299     3.89G   0.09247   0.03016   0.01162    0.1343      1541       704         0         0         0         0         0         0         0
   228/299     3.89G   0.09629   0.03537   0.01159    0.1433      1876       704         0         0         0         0         0         0         0
   229/299     3.89G   0.09716   0.03186   0.01043    0.1394      2285       704         0         0         0         0         0         0         0
   230/299     3.89G   0.09387   0.03578   0.01122    0.1409      2212       704         0         0         0         0         0         0         0
   231/299     3.89G    0.0945   0.03458   0.01097    0.1401      2616       704         0         0         0         0         0         0         0
   232/299     3.89G   0.09496   0.03229   0.01061    0.1379      2079       704         0         0         0         0         0         0         0
   233/299     3.89G   0.09495     0.036   0.01175    0.1427      2419       704         0         0         0         0         0         0         0
   234/299     3.89G    0.0963   0.02994    0.0122    0.1384      2208       704         0         0         0         0         0         0         0
   235/299     3.89G   0.09455   0.03362   0.01013    0.1383      2434       704         0         0         0         0         0         0         0
   236/299     3.89G   0.09659   0.02953   0.01109    0.1372      2116       704         0         0         0         0         0         0         0
   237/299     3.89G   0.09546   0.03379   0.01022    0.1395      1853       704         0         0         0         0         0         0         0
   238/299     3.89G   0.09377   0.03628   0.01058    0.1406      1547       704         0         0         0         0         0         0         0
   239/299     3.89G   0.09644   0.03707    0.0103    0.1438      2311       704         0         0         0         0         0         0         0
   240/299     3.89G   0.09462   0.03054   0.01024    0.1354      1932       704         0         0         0         0         0         0         0
   241/299     3.89G   0.09598   0.02945   0.01029    0.1357      1814       704         0         0         0         0         0         0         0
   242/299     3.89G   0.09576   0.03575   0.01145     0.143      2084       704         0         0         0         0         0         0         0
   243/299     3.89G   0.09492   0.03538   0.01086    0.1412      2379       704         0         0         0         0         0         0         0
   244/299     3.89G   0.09361   0.03099   0.01057    0.1352      1390       704         0         0         0         0         0         0         0
   245/299     3.89G   0.09401   0.03375   0.01149    0.1393      1970       704         0         0         0         0         0         0         0
   246/299     3.89G   0.09238    0.0319  0.009685     0.134      2092       704         0         0         0         0         0         0         0
   247/299     3.89G   0.09323   0.03264   0.01039    0.1363      1722       704         0         0         0         0         0         0         0
   248/299     3.89G   0.09501   0.03775   0.01035    0.1431      2062       704         0         0         0         0         0         0         0
   249/299     3.89G   0.09514   0.03268   0.01124    0.1391      1611       704         0         0         0         0         0         0         0
   250/299     3.89G   0.09409   0.02967  0.009413    0.1332      2270       704         0         0         0         0         0         0         0
   251/299     3.89G    0.0945   0.02836  0.009965    0.1328      1971       704         0         0         0         0         0         0         0
   252/299     3.89G   0.09365   0.03324   0.01089    0.1378      2033       704         0         0         0         0         0         0         0
   253/299     3.89G   0.09398   0.03142  0.009853    0.1352      1960       704         0         0         0         0         0         0         0
   254/299     3.89G   0.09336   0.03007  0.009424    0.1329      1583       704         0         0         0         0         0         0         0
   255/299     3.89G   0.09498   0.03196   0.01069    0.1376      2200       704         0         0         0         0         0         0         0
   256/299     3.89G   0.09516   0.03415   0.01001    0.1393      2649       704         0         0         0         0         0         0         0
   257/299     3.89G   0.09373   0.02942  0.008912    0.1321      1592       704         0         0         0         0         0         0         0
   258/299     3.89G   0.09395   0.03123  0.009911    0.1351      2540       704         0         0         0         0         0         0         0
   259/299     3.89G   0.09251   0.03059   0.01011    0.1332      1869       704         0         0         0         0         0         0         0
   260/299     3.89G   0.09614   0.03353  0.009728    0.1394      2606       704         0         0         0         0         0         0         0
   261/299     3.89G   0.09321   0.03353   0.01003    0.1368      1931       704         0         0         0         0         0         0         0
   262/299     3.89G   0.09381   0.02694  0.009604    0.1303      1964       704         0         0         0         0         0         0         0
   263/299     3.89G   0.09355   0.02673  0.009788    0.1301      1497       704         0         0         0         0         0         0         0
   264/299     3.89G   0.09304   0.02845   0.01054     0.132      1199       704         0         0         0         0         0         0         0
   265/299     3.89G   0.09369   0.03383  0.009098    0.1366      1809       704         0         0         0         0         0         0         0
   266/299     3.89G   0.09555   0.03693  0.008862    0.1413      2428       704         0         0         0         0         0         0         0
   267/299     3.89G   0.09342   0.02756  0.008946    0.1299      1239       704         0         0         0         0         0         0         0
   268/299     3.89G   0.09421    0.0304  0.009485    0.1341      2004       704         0         0         0         0         0         0         0
   269/299     3.89G    0.0934   0.03446  0.009527    0.1374      2269       704         0         0         0         0         0         0         0
   270/299     3.89G    0.0942   0.03341    0.0101    0.1377      2091       704         0         0         0         0         0         0         0
   271/299     3.89G   0.09316   0.02895  0.009074    0.1312      1466       704         0         0         0         0         0         0         0
   272/299     3.89G    0.0943   0.03243  0.008993    0.1357      2719       704         0         0         0         0         0         0         0
   273/299     3.89G   0.09414   0.02967  0.009442    0.1333      1937       704         0         0         0         0         0         0         0
   274/299     3.89G    0.0929   0.03132   0.00898    0.1332      1256       704         0         0         0         0         0         0         0
   275/299     3.89G   0.09227   0.03082  0.008755    0.1318      1733       704         0         0         0         0         0         0         0
   276/299     3.89G   0.09241   0.02984  0.009563    0.1318      1783       704         0         0         0         0         0         0         0
   277/299     3.89G   0.09405   0.03257   0.00888    0.1355      2032       704         0         0         0         0         0         0         0
   278/299     3.89G   0.09358   0.03267   0.01006    0.1363      2269       704         0         0         0         0         0         0         0
   279/299     3.89G   0.09484    0.0314    0.0089    0.1351      1815       704         0         0         0         0         0         0         0
   280/299     3.89G   0.09267   0.03058  0.009429    0.1327      2231       704         0         0         0         0         0         0         0
   281/299     3.89G   0.09282   0.03106  0.008694    0.1326      2025       704         0         0         0         0         0         0         0
   282/299     3.89G   0.09378   0.03406  0.008805    0.1366      2233       704         0         0         0         0         0         0         0
   283/299     3.89G   0.09331   0.03182   0.00864    0.1338      2230       704         0         0         0         0         0         0         0
   284/299     3.89G   0.09407   0.02998  0.008695    0.1327      2256       704         0         0         0         0         0         0         0
   285/299     3.89G   0.09266   0.02945  0.009698    0.1318      1768       704         0         0         0         0         0         0         0
   286/299     3.89G   0.09248   0.02805  0.008705    0.1292      1640       704         0         0         0         0         0         0         0
   287/299     3.89G   0.09207   0.03112  0.009409    0.1326      1766       704         0         0         0         0         0         0         0
   288/299     3.89G   0.09433   0.02937  0.008632    0.1323      1958       704         0         0         0         0         0         0         0
   289/299     3.89G   0.09267   0.03419  0.008963    0.1358      2125       704         0         0         0         0         0         0         0
   290/299     3.89G   0.09275   0.03355  0.008486    0.1348      1550       704         0         0         0         0         0         0         0
   291/299     3.89G   0.09382   0.03734  0.009523    0.1407      2249       704         0         0         0         0         0         0         0
   292/299      3.9G   0.09348   0.03127  0.008776    0.1335      1154       704         0         0         0         0         0         0         0
   293/299      3.9G   0.09205   0.03237  0.008614     0.133      1399       704         0         0         0         0         0         0         0
   294/299      3.9G   0.09311   0.03319  0.008603    0.1349      1989       704         0         0         0         0         0         0         0
   295/299      3.9G   0.09193   0.02899  0.008577    0.1295      1970       704         0         0         0         0         0         0         0
   296/299      3.9G   0.09372   0.03527  0.008378    0.1374      2665       704         0         0         0         0         0         0         0
   297/299      3.9G   0.09231   0.03603  0.008571    0.1369      2256       704         0         0         0         0         0         0         0
   298/299      3.9G   0.09229   0.03215  0.007873    0.1323      2049       704         0         0         0         0         0         0         0
   299/299      3.9G   0.09261    0.0324  0.008295    0.1333      2119       704   0.02373   0.05197   0.02144  0.005708   0.08735   0.03299  0.008555
   300/301     3.88G   0.09323   0.02959  0.008666    0.1315      1637       704   0.02014   0.04913   0.01569  0.003359   0.09097   0.03478  0.007803
   301/301     3.89G   0.09481   0.03012  0.009867    0.1348      1831       704   0.02045   0.04827   0.01789  0.004372   0.08823   0.03467  0.007616
   302/749      3.9G   0.08823   0.01497     0.006    0.1092       868       704         0         0         0         0         0         0         0
   303/749     6.31G   0.07945   0.01592   0.00387   0.09924       739       704         0         0         0         0         0         0         0
   304/749     6.31G   0.07708   0.01599   0.00372   0.09679      1100       704         0         0         0         0         0         0         0
   305/399     4.05G   0.07508    0.0162  0.003455   0.09473       868       704         0         0         0         0         0         0         0
